1 0.15867332175925924 0.5420934606481482 0.02445023148148151 0.027690972222222054
1 0.1576244212962963 0.5401258680555555 0.038990162037037035 0.05133101851851851
1 0.1547309027777778 0.751880787037037 0.04376446759259256 0.07482638888888893
1 0.4683159722222222 0.25875289351851855 0.04723668981481488 0.06316550925925923
1 0.28627748842592593 0.32437789351851853 0.05548321759259256 0.07499999999999996
1 0.30179398148148145 0.45344328703703707 0.14091435185185186 0.06260127314814823
1 0.5067274305555556 0.4789279513888889 0.06770833333333326 0.0888454861111112
1 0.7527850115740741 0.7714771412037037 0.05996817129629628 0.09068287037037037
1 0.03931568287037037 0.24458912037037037 0.0554832175925926 0.07500000000000001
1 0.21274594907407407 0.051953124999999996 0.030743634259259245 0.039496527777777776
1 0.07566550925925927 0.43545283564814813 0.03862847222222221 0.04156539351851851
1 0.07165075231481481 0.43246527777777777 0.03616898148148148 0.027864583333333304
1 0.2807798032407407 0.2813512731481481 0.05475983796296302 0.16087962962962965
1 0.2575954861111111 0.4459563078703704 0.02821180555555558 0.023842592592592582
1 0.7400173611111112 0.7693359375 0.0370370370370372 0.051302083333333304
1 0.5017361111111112 0.4759259259259259 0.03255208333333348 0.035619212962963
1 0.4634331597222222 0.2586805555555556 0.02842881944444442 0.029701967592592582
1 0.30363859953703703 0.4505425347222222 0.02864583333333337 0.03556134259259258
1 0.1478949652777778 0.751779513888889 0.048755787037037035 0.05147569444444455
1 0.03577112268518519 0.254296875 0.046513310185185175 0.043634259259259345
1 0.3458116319444444 0.4560474537037037 0.03045428240740744 0.03168402777777779
1 0.19990596064814814 0.047858796296296295 0.04231770833333337 0.03576388888888889
