1 0.2431640625 0.712890625 0.0546875 0.0771484375
1 0.232421875 0.3134765625 0.0810546875 0.0927734375
1 0.4814453125 0.3115234375 0.3076171875 0.1005859375
1 0.65625 0.5302734375 0.0478515625 0.0986328125
1 0.7119140625 0.6669921875 0.087890625 0.138671875
1 0.787109375 0.7763671875 0.138671875 0.0732421875
1 0.5048828125 0.4775390625 0.01953125 0.02734375
1 0.3349609375 0.8671875 0.0263671875 0.0341796875
1 0.1767578125 0.5537109375 0.0205078125 0.0478515625
1 0.2939453125 0.2705078125 0.0458984375 0.091796875
1 0.5869140625 0.1865234375 0.0263671875 0.046875
1 0.701171875 0.162109375 0.048828125 0.0732421875
1 0.759765625 0.294921875 0.0703125 0.08984375
1 0.8837890625 0.296875 0.119140625 0.08984375
1 0.9833984375 0.302734375 0.033203125 0.06640625
1 0.8759765625 0.7490234375 0.0419921875 0.091796875
1 0.908203125 0.7021484375 0.033203125 0.0654296875
