1 0.1265263310185185 0.29445167824074076 0.06316550925925923 0.048162615740740766
1 0.2052517361111111 0.26495949074074077 0.06124131944444444 0.05001446759259265
1 0.23190827546296297 0.4150607638888889 0.0612991898148148 0.05392071759259265
1 0.252271412037037 0.5361689814814814 0.06908275462962965 0.05237268518518512
1 0.0742115162037037 0.5893807870370371 0.04765625000000001 0.05516493055555571
1 0.08331163194444444 0.6758897569444444 0.0320023148148148 0.05240162037037033
1 0.1924045138888889 0.7171440972222223 0.053399884259259234 0.04765625000000018
1 0.26535011574074074 0.6273582175925926 0.055324074074074026 0.045804398148148184
1 0.3867332175925926 0.6406105324074074 0.047540509259259234 0.04735243055555549
1 0.4342158564814815 0.9430700231481481 0.057277199074074026 0.04590567129629619
1 0.3165219907407407 0.2552806712962963 0.05345775462962954 0.051562499999999956
1 0.3011140046296296 0.13880208333333333 0.057450810185185164 0.0576244212962963
1 0.2818865740740741 0.028385416666666663 0.06893807870370372 0.04260706018518519
1 0.17055844907407408 0.16609519675925927 0.03760127314814815 0.03512731481481479
1 0.2150824652777778 0.33481626157407407 0.057306134259259234 0.0478587962962963
1 0.08509837962962963 0.46665219907407407 0.04751157407407408 0.0453993055555556
1 0.35315393518518523 0.4850043402777778 0.05138888888888893 0.04364872685185184
1 0.34393807870370374 0.39068287037037036 0.04943576388888893 0.04354745370370372
