1 0.06957465277777777 0.6453125 0.06961805555555556 0.0766927083333333
1 0.18187934027777777 0.08320312499999999 0.06501736111111112 0.06080729166666665
1 0.09138454861111112 0.10638020833333334 0.06137152777777777 0.06640625
1 0.9725477430555556 0.2157552083333333 0.02087673611111107 0.07539062499999999
1 0.9639539930555555 0.460546875 0.050217013888888884 0.03450520833333326
1 0.9401041666666667 0.9815104166666666 0.06731770833333339 0.036979166666666785
1 0.22996961805555555 0.3765625 0.0688368055555556 0.059114583333333304
1 0.08430989583333334 0.8235026041666667 0.045572916666666685 0.06145833333333339
1 0.0970703125 0.9353515625 0.045486111111111116 0.05950520833333339
1 0.19663628472222222 0.8972005208333333 0.05338541666666663 0.061979166666666696
1 0.21202256944444445 0.9960286458333334 0.04765625000000001 0.007942708333333215
1 0.3140407986111111 0.9874348958333333 0.06627604166666667 0.025130208333333348
1 0.4075737847222222 0.9854817708333333 0.07842881944444446 0.029036458333333348
1 0.5217447916666667 0.9873697916666666 0.07664930555555549 0.025260416666666785
1 0.7761067708333333 0.9918294270833333 0.08411458333333321 0.016341145833333348
1 0.3793402777777778 0.7798828125 0.06189236111111107 0.078125
1 0.49214409722222224 0.7766927083333333 0.07973090277777783 0.08515624999999982
1 0.6085503472222222 0.7669270833333333 0.08363715277777772 0.0854166666666667
1 0.7317925347222223 0.7576171875 0.09348958333333313 0.08802083333333321
1 0.7461371527777778 0.9270182291666667 0.08355034722222232 0.0834635416666667
1 0.3006510416666667 0.8934244791666667 0.07539062500000004 0.07513020833333339
1 0.1816189236111111 0.7783854166666666 0.049565972222222254 0.06367187499999982
1 0.27458767361111114 0.7670572916666667 0.06128472222222214 0.064453125
1 0.1689670138888889 0.6470703125 0.06519097222222225 0.06471354166666665
1 0.2586588541666667 0.627734375 0.07690972222222225 0.06549479166666661
1 0.3593532986111111 0.6149739583333333 0.0674045138888888 0.07070312500000009
1 0.46063368055555554 0.5934895833333333 0.0634982638888888 0.07044270833333321
1 0.5856987847222221 0.5813802083333333 0.07973090277777795 0.08515624999999982
1 0.7096137152777777 0.5652994791666667 0.0834635416666667 0.0815104166666667
1 0.4180989583333333 0.3375 0.06705729166666663 0.06289062500000009
1 0.3295572916666667 0.36080729166666664 0.08897569444444442 0.07408854166666667
1 0.12821180555555556 0.3873046875 0.037326388888888895 0.05117187500000009
1 0.03350694444444444 0.40338541666666666 0.03350694444444445 0.052864583333333326
1 0.03181423611111111 0.27766927083333337 0.04140624999999999 0.05533854166666674
1 0.11605902777777778 0.2453125 0.056597222222222215 0.04661458333333335
1 0.021875 0.14166666666666666 0.03420138888888889 0.06848958333333333
1 0.21063368055555554 0.22630208333333335 0.05464409722222219 0.04648437500000002
1 0.3018446180555555 0.19733072916666666 0.06909722222222214 0.0649739583333333
1 0.5181857638888889 0.13580729166666666 0.09118923611111107 0.080078125
1 0.6385633680555556 0.105859375 0.08081597222222214 0.06575520833333331
1 0.5321614583333334 0.3188151041666667 0.08168402777777795 0.08528645833333326
1 0.653146701388889 0.98427734375 0.08684895833333339 0.031445312500000044
1 0.8928168402777779 0.7440104166666666 0.08967013888888875 0.08971354166666679
1 0.6583550347222222 0.28828125 0.07973090277777772 0.08515625000000004
1 0.7912543402777779 0.08001302083333332 0.09813368055555571 0.06106770833333333
1 0.8632161458333334 0.5599609375 0.10164930555555562 0.09635416666666674
1 0.3900390625 0.1662109375 0.06927083333333339 0.0688802083333333
