1 0.244140625 0.16015625 0.037109375 0.056640625
1 0.2314453125 0.2412109375 0.0390625 0.0546875
1 0.384765625 0.2421875 0.04296875 0.0537109375
1 0.5068359375 0.240234375 0.0390625 0.0625
1 0.5234375 0.05859375 0.0458984375 0.0390625
1 0.609375 0.0537109375 0.0458984375 0.0234375
1 0.671875 0.15234375 0.037109375 0.046875
1 0.59765625 0.23828125 0.0341796875 0.048828125
1 0.63671875 0.353515625 0.0390625 0.041015625
1 0.943359375 0.3486328125 0.0361328125 0.052734375
1 0.2451171875 0.3515625 0.04296875 0.0478515625
1 0.12890625 0.35546875 0.0458984375 0.05078125
1 0.015625 0.3564453125 0.0302734375 0.0634765625
1 0.1279296875 0.2236328125 0.029296875 0.0341796875
1 0.3017578125 0.23828125 0.037109375 0.05078125
1 0.4052734375 0.08984375 0.037109375 0.0400390625
1 0.4765625 0.3486328125 0.0341796875 0.044921875
1 0.384765625 0.3544921875 0.0341796875 0.0439453125
