1 0.2814453125 0.7455078125000001 0.07883391203703705 0.10091145833333348
1 0.1673900462962963 0.33046875 0.11222511574074073 0.1285156249999999
1 0.4325448495370371 0.24446614583333331 0.3549045138888889 0.21106770833333333
1 0.6762803819444445 0.4146484375 0.07705439814814818 0.12421875000000004
1 0.7710069444444445 0.5401041666666667 0.13017939814814827 0.18046874999999996
1 0.8786892361111112 0.6295572916666667 0.16882233796296298 0.1264322916666667
1 0.5006148726851852 0.4107421875 0.029557291666666652 0.037109375
1 0.42005931712962963 0.8758463541666667 0.03744212962962967 0.047395833333333304
1 0.17026909722222222 0.6006510416666666 0.035575810185185186 0.05898437500000009
1 0.22253327546296298 0.26529947916666663 0.07504340277777777 0.11627604166666661
1 0.5128399884259259 0.07805989583333334 0.041435185185185075 0.05937500000000001
1 0.6294704861111111 0.030989583333333334 0.07294560185185195 0.06197916666666667
1 0.7261935763888889 0.13313802083333334 0.10044849537037037 0.11992187500000001
1 0.8592303240740741 0.09401041666666667 0.1513310185185186 0.13697916666666668
1 0.9630714699074074 0.5702473958333334 0.06526331018518516 0.11367187500000009
1 0.9801070601851852 0.510546875 0.03182870370370372 0.08020833333333321
