1 0.3960286458333333 0.7179181134259259 0.15891203703703694 0.10039062499999996
1 0.7072265625 0.4010127314814815 0.3016927083333334 0.13195891203703702
1 0.9443576388888888 0.6342737268518519 0.08661747685185173 0.0943431712962961
1 0.2836371527777778 0.8413917824074074 0.09415509259259258 0.05746527777777777
1 0.3306857638888889 0.5997106481481482 0.05302372685185186 0.04062499999999991
1 0.3203125 0.6498336226851852 0.05306712962962967 0.04648437499999991
1 0.4041015625 0.6209780092592592 0.07071759259259258 0.056770833333333215
1 0.5824580439814815 0.5678313078703704 0.08249421296296289 0.06493055555555549
1 0.26592881944444446 0.5606047453703704 0.17445023148148153 0.08913483796296306
1 0.24892216435185185 0.5064091435185185 0.08836805555555555 0.06705729166666674
1 0.7913917824074075 0.2910734953703704 0.06481481481481488 0.05073784722222219
1 0.5877604166666666 0.6243272569444445 0.0746383101851853 0.05883969907407405
