1 0.7867187499999999 0.7759620949074073 0.06319444444444455 0.050115740740740655
1 0.7027199074074073 0.7812934027777778 0.06319444444444455 0.050115740740740655
1 0.7255425347222222 0.6239800347222222 0.06129918981481497 0.05392071759259265
1 0.746896701388889 0.49992042824074073 0.06905381944444455 0.05041956018518523
1 0.9342664930555555 0.4989872685185185 0.047656249999999956 0.05516493055555549
1 0.9521412037037037 0.41218894675925927 0.03002025462962954 0.05034722222222221
1 0.861501736111111 0.3388237847222222 0.053399884259259345 0.047656249999999956
1 0.7629195601851853 0.40638744212962963 0.05529513888888893 0.043851273148148184
1 0.652416087962963 0.35649594907407406 0.049493634259259345 0.04745370370370372
1 0.7058449074074074 0.043417245370370366 0.059259259259259345 0.04796006944444445
1 0.5928023726851852 0.7577184606481482 0.05541087962962976 0.051663773148148184
1 0.5705439814814814 0.8769458912037038 0.05742187500000018 0.05567129629629619
1 0.7030815972222222 0.8886140046296296 0.039583333333333304 0.0371817129629628
1 0.7164568865740741 0.7103226273148149 0.057306134259259345 0.04785879629629619
1 0.883716724537037 0.6177300347222222 0.047540509259259345 0.04735243055555549
1 0.632421875 0.5204933449074074 0.05138888888888893 0.04364872685185195
1 0.6105251736111111 0.615306712962963 0.04943576388888893 0.04354745370370372
