1 0.255859375 0.4775390625 0.099609375 0.125
1 0.896484375 0.853515625 0.087890625 0.0673828125
1 0.740234375 0.439453125 0.107421875 0.0830078125
1 0.677734375 0.330078125 0.1279296875 0.0517578125
1 0.65234375 0.876953125 0.119140625 0.076171875
1 0.6884765625 0.6298828125 0.103515625 0.0498046875
1 0.498046875 0.279296875 0.1533203125 0.0830078125
1 0.166015625 0.4453125 0.052734375 0.060546875
1 0.337890625 0.291015625 0.1298828125 0.0830078125
1 0.779296875 0.265625 0.1279296875 0.068359375
1 0.83203125 0.359375 0.0859375 0.060546875
