1 0.4281539351851852 0.2885199652777778 0.09402488425925926 0.10677083333333326
1 0.610474537037037 0.9208622685185185 0.08828125000000009 0.10850694444444442
1 0.4031105324074074 0.9559461805555556 0.058391203703703654 0.0645254629629628
1 0.4568142361111111 0.9373191550925926 0.051157407407407374 0.07400173611111116
1 0.37273582175925923 0.8562644675925926 0.04850983796296293 0.06221064814814814
1 0.4237413194444445 0.8416521990740741 0.03621238425925921 0.05201099537037046
1 0.3314163773148148 0.6875 0.052068865740740766 0.05649594907407396
1 0.38414351851851847 0.6689091435185185 0.051273148148148096 0.07595486111111116
1 0.2911313657407407 0.5196759259259259 0.05436921296296293 0.06242766203703698
1 0.34225260416666664 0.5070167824074074 0.04644097222222221 0.06018518518518512
1 0.25268373842592595 0.34982638888888884 0.04644097222222221 0.06018518518518512
1 0.30828993055555554 0.3467881944444444 0.04644097222222221 0.06018518518518512
1 0.503002025462963 0.5441261574074074 0.06942997685185182 0.08637152777777768
1 0.4711154513888889 0.40241608796296297 0.06138599537037037 0.08217592592592593
1 0.5802300347222222 0.8564091435185185 0.05609085648148149 0.05859375
1 0.42449363425925923 0.19372106481481483 0.08276909722222214 0.11414930555555558
1 0.39037181712962965 0.06383825231481481 0.057132523148148096 0.076171875
1 0.23210358796296296 0.05208333333333333 0.09377893518518515 0.06973379629629631
1 0.24422743055555557 0.1906105324074074 0.1181568287037037 0.1193576388888889
1 0.5075159143518518 0.6202980324074074 0.05747974537037037 0.08203125
1 0.5404007523148149 0.679759837962963 0.044256365740740655 0.05620659722222232
1 0.5449146412037037 0.755931712962963 0.05885416666666665 0.0723379629629628
