0 0.3985532407407407 0.818359375 0.11111111111111116 0.06669560185185186
0 0.3769097222222222 0.7560763888888888 0.13857060185185177 0.07262731481481488
0 0.3265769675925926 0.6711154513888888 0.12667824074074074 0.06589988425925908
0 0.3021773726851852 0.6027560763888888 0.1030092592592593 0.05635127314814836
0 0.2739872685185185 0.5302010995370371 0.10347222222222219 0.07197627314814814
0 0.2508825231481482 0.451171875 0.08893229166666661 0.04166666666666663
0 0.24147135416666665 0.40545428240740744 0.09513888888888888 0.05381944444444442
0 0.21474971064814816 0.31637008101851855 0.1091579861111111 0.06655092592592593
0 0.21281105324074073 0.24967447916666666 0.13019386574074077 0.11877893518518517
0 0.6257016782407407 0.5180844907407407 0.08370949074074074 0.06271701388888884
0 0.5456886574074074 0.34479890046296297 0.08572048611111116 0.06481481481481477
0 0.48930844907407406 0.19968894675925927 0.08187210648148147 0.06647858796296297
0 0.456908275462963 0.07103587962962964 0.0619936342592593 0.05331307870370369