1 0.4756076388888889 0.6575737847222223 0.12239583333333326 0.12239583333333348
0 0.39861111111111114 0.5479166666666667 0.12365451388888893 0.10685763888888888
0 0.35870225694444446 0.41749131944444445 0.11831597222222223 0.11831597222222223
0 0.5890190972222222 0.7532552083333333 0.10173611111111103 0.09613715277777768
0 0.7171223958333333 0.8067057291666666 0.10980902777777768 0.10234375000000018
0 0.8598524305555555 0.8383897569444444 0.09730902777777795 0.08424479166666665
0 0.9736979166666666 0.8315972222222222 0.052604166666666785 0.08194444444444438
0 0.34010416666666665 0.28411458333333334 0.11354166666666665 0.0986111111111111
0 0.33819444444444446 0.15342881944444445 0.11336805555555562 0.0947048611111111
0 0.3597873263888889 0.04717881944444444 0.07986111111111116 0.042534722222222224
