1 0.2294921875 0.638671875 0.037109375 0.099609375
0 0.291015625 0.6494140625 0.0390625 0.126953125
0 0.3779296875 0.685546875 0.0341796875 0.1171875
0 0.4462890625 0.697265625 0.029296875 0.09375
0 0.517578125 0.712890625 0.044921875 0.091796875
0 0.595703125 0.72265625 0.0205078125 0.083984375
0 0.640625 0.724609375 0.03125 0.087890625
0 0.728515625 0.736328125 0.0390625 0.0986328125
0 0.79296875 0.728515625 0.0859375 0.107421875
0 0.490234375 0.373046875 0.0419921875 0.0732421875
0 0.6640625 0.4228515625 0.0439453125 0.0732421875
0 0.8095703125 0.4541015625 0.044921875 0.0703125
0 0.935546875 0.4658203125 0.037109375 0.0517578125
