1 0.4453125 0.69921875 0.0732421875 0.0888671875
0 0.498046875 0.072265625 0.0654296875 0.09375
0 0.294921875 0.072265625 0.044921875 0.0576171875
0 0.349609375 0.0830078125 0.0361328125 0.0654296875
0 0.2841796875 0.1728515625 0.0361328125 0.0546875
0 0.3369140625 0.1787109375 0.0263671875 0.044921875
0 0.2783203125 0.3388671875 0.041015625 0.046875
0 0.33203125 0.34765625 0.0361328125 0.068359375
0 0.271484375 0.5048828125 0.041015625 0.0517578125
0 0.322265625 0.5078125 0.0341796875 0.052734375
0 0.267578125 0.6708984375 0.033203125 0.0517578125
0 0.3203125 0.6640625 0.033203125 0.052734375
0 0.4677734375 0.4453125 0.0517578125 0.0732421875
0 0.4638671875 0.583984375 0.0439453125 0.0703125
0 0.4814453125 0.138671875 0.0439453125 0.0498046875
0 0.458984375 0.7890625 0.0595703125 0.099609375
0 0.4521484375 0.9169921875 0.0419921875 0.0654296875
0 0.3046875 0.96484375 0.0810546875 0.0703125
0 0.291015625 0.822265625 0.095703125 0.099609375
0 0.4580078125 0.373046875 0.041015625 0.0703125
0 0.4775390625 0.310546875 0.0341796875 0.0498046875
0 0.466796875 0.2392578125 0.0439453125 0.0625
