1 0.6649739583333334 0.522193287037037 0.08984375 0.14885706018518507
0 0.5982421874999999 0.44132667824074073 0.06679687500000009 0.12478298611111105
0 0.5218750000000001 0.49037181712962963 0.04335937500000009 0.06561053240740744
0 0.5578776041666667 0.3304398148148148 0.03736979166666665 0.0634837962962963
0 0.7007812499999999 0.6283420138888889 0.07799479166666679 0.08807870370370363
0 0.4158203125 0.473046875 0.13450520833333335 0.2632378472222223
0 0.41523437500000004 0.4525969328703704 0.1397135416666666 0.28288483796296293
0 0.5560546875000001 0.3285445601851852 0.033333333333333215 0.06141493055555558
0 0.5222005208333333 0.32467447916666664 0.1069010416666667 0.25852141203703705
0 0.5268229166666667 0.4892505787037037 0.05794270833333326 0.07968749999999991
0 0.5973958333333333 0.4394024884259259 0.07591145833333335 0.1445457175925926
0 0.677734375 0.5793185763888888 0.1499999999999999 0.2617476851851852
0 0.5393880208333333 0.4031105324074074 0.03645833333333348 0.0498119212962963
0 0.5246744791666667 0.3314236111111111 0.025911458333333304 0.03780381944444444
