0 0.38560474537037037 0.6658564814814815 0.2499855324074074 0.21173321759259256
0 0.30572193287037036 0.9083116319444444 0.16374421296296293 0.13058449074074074
0 0.6705873842592592 0.26119429976851855 0.21714409722222228 0.5223885995370371
0 0.2728732638888889 0.42698929398148144 0.13738425925925923 0.16216724537037042
0 0.478052662037037 0.35222077546296293 0.23269675925925926 0.22045717592592595
0 0.6165943287037037 0.8018446180555556 0.181539351851852 0.3363570601851853
0 0.16148003472222222 0.3983723958333334 0.13436053240740742 0.25752314814814814
0 0.26219618055555555 0.07572337962962963 0.0986111111111111 0.15144675925925927
0 0.42042824074074076 0.19030671296296298 0.13156828703703705 0.09748263888888886
0 0.3006799768518519 0.3089265046296297 0.07877604166666674 0.09240451388888893
0 0.18987991898148146 0.6304976851851851 0.13049768518518517 0.19295428240740753