0 0.5197627314814814 0.224609375 0.12996238425925943 0.10908564814814814
0 0.11966145833333333 0.8965928819444444 0.07102141203703705 0.09389467592592604
0 0.5433232060185185 0.7125868055555555 0.08722511574074066 0.11435185185185182
0 0.6565031828703705 0.6434895833333334 0.054600694444444375 0.13191550925925943
0 0.10357349537037037 0.6499348958333333 0.08171296296296296 0.12572337962962976
0 0.3525028935185185 0.6712528935185185 0.053906250000000044 0.10847800925925943
0 0.713671875 0.45780526620370376 0.08861400462962976 0.16122685185185182
0 0.5556568287037037 0.13182146990740742 0.06412037037037033 0.05839120370370371
0 0.7067274305555555 0.29736689814814815 0.08786168981481479 0.13583622685185182
0 0.7188946759259259 0.7421513310185185 0.07418981481481479 0.13502604166666665
0 0.6225766782407407 0.8014756944444444 0.06510416666666652 0.09159432870370376