0 0.7036603009259259 0.5538411458333333 0.22047164351851856 0.2621672453703703
0 0.9376302083333333 0.5605685763888889 0.0947627314814814 0.16867766203703694
0 0.25353009259259257 0.39665798611111114 0.5070601851851851 0.24574652777777772
0 0.49142071759259254 0.7357566550925926 0.16438078703703707 0.14732349537037037
0 0.37573784722222225 0.5567274305555555 0.22575231481481484 0.24280960648148153
0 0.7965784143518518 0.2827690972222222 0.35326967592592595 0.1997540509259259
0 0.48596643518518523 0.8539785879629629 0.26192129629629624 0.14631076388888875
0 0.13667534722222222 0.8535951967592592 0.17689525462962963 0.10866608796296306
0 0.22724971064814814 0.6616247106481481 0.10159143518518521 0.1357060185185186
0 0.3692346643518518 0.7432798032407407 0.09422743055555549 0.08475115740740735
0 0.7093605324074075 0.7566189236111112 0.19746817129629646 0.14440104166666679