1 0.3203125 0.6318359375 0.0576171875 0.138671875
0 0.53125 0.2724609375 0.0498046875 0.28125
0 0.255859375 0.111328125 0.072265625 0.0673828125
0 0.236328125 0.763671875 0.0341796875 0.0830078125
0 0.4453125 0.6630859375 0.0283203125 0.044921875
0 0.40234375 0.6845703125 0.033203125 0.0419921875
0 0.4072265625 0.6005859375 0.0390625 0.0576171875
0 0.41015625 0.4248046875 0.044921875 0.068359375
0 0.498046875 0.712890625 0.0419921875 0.158203125
0 0.552734375 0.7158203125 0.044921875 0.0732421875
0 0.611328125 0.169921875 0.0341796875 0.056640625
0 0.357421875 0.4345703125 0.0390625 0.064453125
