0 0.435546875 0.9296875 0.0859375 0.0859375
0 0.6611328125 0.3203125 0.1123046875 0.162109375
0 0.5908203125 0.640625 0.09375 0.095703125
0 0.572265625 0.1953125 0.103515625 0.099609375
0 0.765625 0.634765625 0.0654296875 0.0830078125
0 0.40625 0.640625 0.0625 0.0517578125
0 0.814453125 0.267578125 0.0498046875 0.0361328125
0 0.97265625 0.4033203125 0.0546875 0.068359375
0 0.466796875 0.4892578125 0.025390625 0.041015625
0 0.5341796875 0.7080078125 0.076171875 0.1123046875
0 0.666015625 0.5849609375 0.091796875 0.2763671875