1 0.701171875 0.748046875 0.0205078125 0.021484375
0 0.6728515625 0.5703125 0.013671875 0.017578125
0 0.642578125 0.4462890625 0.0185546875 0.017578125
0 0.6650390625 0.423828125 0.0107421875 0.017578125
0 0.654296875 0.400390625 0.0107421875 0.015625
0 0.568359375 0.607421875 0.025390625 0.037109375
0 0.544921875 0.5595703125 0.0390625 0.0576171875
0 0.4921875 0.568359375 0.0498046875 0.0751953125
0 0.521484375 0.4638671875 0.091796875 0.078125
0 0.42578125 0.4794921875 0.0888671875 0.080078125
0 0.525390625 0.740234375 0.044921875 0.0419921875
0 0.607421875 0.390625 0.0205078125 0.0419921875
0 0.521484375 0.376953125 0.0107421875 0.015625
0 0.513671875 0.185546875 0.0078125 0.0107421875
0 0.556640625 0.248046875 0.0126953125 0.03125
0 0.615234375 0.4658203125 0.0263671875 0.033203125
0 0.486328125 0.3388671875 0.0205078125 0.03125
0 0.572265625 0.3173828125 0.0185546875 0.03125
0 0.763671875 0.919921875 0.03125 0.0361328125
0 0.501953125 0.150390625 0.0234375 0.033203125
0 0.5849609375 0.580078125 0.0234375 0.029296875
