1 0.0927734375 0.6578052662037037 0.109375 0.11099537037037033
0 0.650390625 0.2686848958333333 0.19140625 0.15713252314814818
0 0.345703125 0.42456597222222225 0.119140625 0.12090567129629637
0 0.7978515625 0.3241174768518519 0.126953125 0.13078703703703698
0 0.3076171875 0.24739583333333334 0.099609375 0.08936631944444445
0 0.3916015625 0.6094328703703704 0.068359375 0.0771846064814814
0 0.6650390625 0.10049913194444444 0.048828125 0.05931712962962962
0 0.4931640625 0.007371238425925926 0.076171875 0.014742476851851852
0 0.529296875 0.5077835648148148 0.048828125 0.03783275462962976
0 0.2919921875 0.4995804398148148 0.1328125 0.1054832175925926
0 0.3828125 0.3341724537037037 0.30078125 0.1665653935185185
