0 0.7506438078703703 0.4330078125 0.1333622685185185 0.15707465277777777
0 0.03218315972222222 0.1759620949074074 0.06436631944444444 0.08948206018518517
0 0.23628472222222224 0.5815610532407407 0.13208912037037035 0.11410590277777777
0 0.31809172453703705 0.6836009837962963 0.14874131944444446 0.08376736111111116
0 0.2701099537037037 0.09812644675925926 0.1436342592592592 0.10885416666666667
0 0.2650245949074074 0.36848234953703707 0.12128182870370363 0.07844328703703707
0 0.5185691550925926 0.6966073495370371 0.1811487268518519 0.12445023148148149
0 0.8516565393518518 0.4462962962962963 0.07055844907407405 0.07776331018518512
0 0.6876953125 0.6488353587962963 0.15564236111111107 0.11922743055555562
0 0.21788917824074072 0.7746021412037036 0.15127314814814818 0.10339988425925917
0 0.14834346064814816 0.6865523726851852 0.10588831018518519 0.0854456018518519