1 0.7021484375 0.388671875 0.171875 0.224609375
0 0.9482421875 0.33203125 0.103515625 0.1484375
0 0.267578125 0.634765625 0.525390625 0.138671875
0 0.4716796875 0.2548828125 0.140625 0.1171875
0 0.384765625 0.4521484375 0.1826171875 0.205078125
0 0.833984375 0.634765625 0.3310546875 0.1328125
0 0.4501953125 0.140625 0.240234375 0.0966796875
0 0.11328125 0.2109375 0.1591796875 0.0751953125
0 0.2275390625 0.3798828125 0.076171875 0.1201171875
0 0.3525390625 0.271484375 0.080078125 0.0673828125
0 0.6796875 0.1904296875 0.1748046875 0.1064453125
