1 0.44456018518518514 0.3984375 0.09953703703703698 0.10112847222222221
0 0.4087673611111111 0.5179398148148149 0.10814525462962965 0.0819589120370372
0 0.4146267361111111 0.6497034143518519 0.09918981481481481 0.09526909722222232
0 0.5237847222222223 0.28833912037037035 0.0864293981481481 0.07725694444444442
0 0.6285879629629629 0.21524160879629628 0.09447337962962976 0.08145254629629628
0 0.7549985532407407 0.16145833333333331 0.08573495370370376 0.06553819444444442
0 0.8884910300925926 0.1449652777777778 0.08171296296296293 0.06344039351851849
0 0.4409360532407407 0.78125 0.09803240740740748 0.07573784722222232
0 0.48453414351851853 0.9085648148148149 0.09780092592592582 0.07183159722222232
0 0.5410445601851852 0.9975043402777778 0.07549189814814827 0.00499131944444442
