1 0.5794053819444445 0.6008608217592593 0.03537326388888884 0.030338541666666607
0 0.5198712384259259 0.5977430555555556 0.02165798611111125 0.024074074074074137
0 0.6210358796296296 0.6484447337962962 0.02361111111111125 0.024131944444444553
0 0.671629050925926 0.6723307291666667 0.02751736111111125 0.024247685185185164
0 0.6483940972222222 0.645681423611111 0.02361111111111125 0.024131944444444553
0 0.626656539351852 0.6804976851851852 0.01970486111111125 0.02401620370370372
0 0.6856626157407407 0.623097511574074 0.033478009259259256 0.03809317129629619
0 0.2857783564814815 0.5666015625 0.037413194444444464 0.042115162037037024
0 0.7352213541666667 0.5230179398148148 0.027517361111111027 0.024247685185185164
0 0.6862991898148147 0.5371600115740741 0.019661458333333215 0.01815682870370372
0 0.6864076967592593 0.6543185763888889 0.017664930555555625 0.012239583333333304
0 0.7080150462962963 0.6370804398148149 0.011834490740740833 0.015972222222222054
0 0.7551576967592593 0.599558738425926 0.007957175925926041 0.019762731481481666
