1 0.3154296875 0.41015625 0.048828125 0.138671875
0 0.365234375 0.5078125 0.03125 0.119140625
0 0.447265625 0.4794921875 0.025390625 0.060546875
0 0.384765625 0.6279296875 0.0205078125 0.0595703125
0 0.2998046875 0.294921875 0.056640625 0.0732421875
0 0.546875 0.525390625 0.056640625 0.2548828125
0 0.5439453125 0.5458984375 0.056640625 0.2734375
0 0.3857421875 0.630859375 0.015625 0.0595703125
0 0.41796875 0.6435546875 0.029296875 0.255859375
0 0.4423828125 0.4794921875 0.037109375 0.072265625
0 0.365234375 0.509765625 0.033203125 0.138671875
0 0.3134765625 0.349609375 0.076171875 0.2470703125
0 0.4150390625 0.5615234375 0.0234375 0.044921875
0 0.4169921875 0.63671875 0.015625 0.0361328125
