1 0.8564453125 0.46875 0.021484375 0.025390625
0 0.857421875 0.470703125 0.0361328125 0.0498046875
0 0.8642578125 0.2646484375 0.037109375 0.0703125
0 0.552734375 0.75 0.0419921875 0.0595703125
0 0.7294921875 0.681640625 0.048828125 0.072265625
0 0.716796875 0.5576171875 0.130859375 0.056640625
0 0.5205078125 0.5400390625 0.0595703125 0.0830078125
0 0.2880859375 0.265625 0.052734375 0.0859375
0 0.970703125 0.7509765625 0.0576171875 0.0703125
0 0.794921875 0.9423828125 0.0283203125 0.037109375
0 0.9345703125 0.568359375 0.0361328125 0.0390625
0 0.9384765625 0.5703125 0.0341796875 0.0263671875
0 0.734375 0.72265625 0.044921875 0.154296875
0 0.759765625 0.5634765625 0.0263671875 0.0234375
0 0.30078125 0.267578125 0.033203125 0.0498046875
0 0.525390625 0.54296875 0.029296875 0.033203125
0 0.556640625 0.75 0.0263671875 0.0283203125
0 0.7158203125 0.560546875 0.025390625 0.033203125
0 0.8701171875 0.2646484375 0.044921875 0.048828125
0 0.9736328125 0.7421875 0.052734375 0.04296875
0 0.6748046875 0.556640625 0.0283203125 0.029296875
0 0.806640625 0.9462890625 0.0390625 0.033203125
