1 0.5323423032407407 0.08856336805555556 0.02948495370370363 0.02690972222222221
0 0.5342954282407407 0.0884620949074074 0.05892650462962967 0.04796006944444445
0 0.3099247685185185 0.06788194444444444 0.08239293981481477 0.05308159722222222
0 0.8030743634259259 0.43961950231481484 0.07070312500000009 0.05638020833333335
0 0.7489076967592592 0.24035734953703702 0.08444733796296289 0.0668547453703704
0 0.6121961805555556 0.24646990740740743 0.07923900462962963 0.15444155092592593
0 0.5686197916666667 0.4625144675925926 0.09626736111111112 0.08113425925925921
0 0.24080584490740742 0.7011067708333334 0.1001157407407407 0.07352430555555545
0 0.8531828703703703 0.008206741898148146 0.08028067129629646 0.016413483796296292
0 0.6510489004629629 0.015946903935185185 0.04719328703703707 0.03189380787037037
0 0.6530309606481481 0.01327763310185185 0.033506944444444464 0.0265552662037037
0 0.7948061342592593 0.23797743055555556 0.1743344907407407 0.0773726851851852
0 0.6232711226851853 0.20099103009259262 0.027575231481481666 0.03266782407407409
0 0.24383680555555554 0.6872829861111112 0.058897569444444464 0.04405381944444464
0 0.5735460069444445 0.4564019097222222 0.03932291666666665 0.03718171296296291
0 0.8031105324074074 0.43473668981481484 0.03344907407407405 0.034924768518518556
0 0.615111400462963 0.2482711226851852 0.037340856481481444 0.03317418981481479
0 0.3109519675925926 0.060995370370370366 0.060966435185185186 0.05978009259259259
0 0.844429976851852 0.003146701388888888 0.048958333333333215 0.006293402777777776
0 0.6059895833333333 0.29364872685185184 0.03541666666666665 0.036979166666666674
