1 0.08702256944444445 0.2783203125 0.07385706018518517 0.07421875
0 0.18258101851851855 0.8564453125 0.07103587962962965 0.0625
0 0.09255642361111112 0.814453125 0.06756365740740741 0.068359375
0 0.9750072337962963 0.888671875 0.0487557870370372 0.078125
0 0.9636863425925926 0.6435546875 0.05548321759259256 0.037109375
0 0.9517505787037037 0.11328125 0.07074652777777768 0.05859375
0 0.23694299768518517 0.5751953125 0.07689525462962965 0.0625
0 0.10358796296296297 0.1064453125 0.05135995370370372 0.060546875
0 0.12098524305555555 0.01171875 0.042751736111111105 0.0234375
0 0.21393952546296297 0.0537109375 0.06336805555555558 0.064453125
0 0.4266493055555556 0.01171875 0.07986111111111116 0.0234375
0 0.5377242476851851 0.021484375 0.07935474537037024 0.04296875
0 0.7890986689814814 0.06640625 0.08326099537037024 0.04296875
0 0.39228877314814814 0.20703125 0.07024016203703698 0.078125
0 0.5036168981481481 0.2333984375 0.09244791666666674 0.087890625
0 0.6183810763888888 0.2666015625 0.09649884259259256 0.08984375
0 0.7410300925925926 0.30078125 0.10235821759259256 0.08984375
0 0.7590784143518519 0.1357421875 0.0942563657407407 0.0859375
0 0.3163339120370371 0.078125 0.08391203703703698 0.078125
0 0.19708478009259262 0.1689453125 0.05931712962962965 0.0625
0 0.2890986689814815 0.1982421875 0.0713252314814814 0.06640625
0 0.18200231481481483 0.294921875 0.07327835648148151 0.06640625
0 0.26978443287037035 0.3330078125 0.08318865740740744 0.068359375
0 0.36892361111111116 0.3662109375 0.07385706018518512 0.07421875
0 0.4696903935185185 0.408203125 0.0717592592592593 0.072265625
0 0.5925564236111112 0.4453125 0.09049479166666652 0.087890625
0 0.7147352430555556 0.486328125 0.09411168981481488 0.083984375
0 0.4204644097222222 0.6533203125 0.07494212962962954 0.0625
0 0.3343460648148148 0.611328125 0.09563078703703709 0.078125
0 0.13501880787037038 0.5439453125 0.044921875 0.052734375
0 0.050383391203703706 0.5087890625 0.029296875 0.052734375
0 0.05356626157407408 0.630859375 0.018012152777777776 0.05859375
0 0.1218532986111111 0.6826171875 0.06221064814814814 0.048828125
0 0.21354166666666669 0.720703125 0.06011284722222221 0.046875
0 0.3039279513888889 0.767578125 0.07718460648148151 0.06640625
0 0.5157696759259259 0.8720703125 0.09982638888888884 0.08203125
0 0.6340784143518519 0.9267578125 0.0912905092592593 0.072265625
0 0.5338541666666667 0.6943359375 0.09244791666666652 0.087890625
0 0.6666304976851852 0.0478515625 0.09042245370370372 0.060546875
0 0.8997034143518519 0.3466796875 0.10069444444444442 0.09375
0 0.6580946180555556 0.75 0.09049479166666652 0.087890625
0 0.782154224537037 0.974609375 0.10727719907407396 0.05078125
0 0.8659215856481481 0.5234375 0.11284722222222232 0.099609375
0 0.3915292245370371 0.81640625 0.07928240740740744 0.068359375
