1 0.5749782986111112 0.6380859375000001 0.5705295138888888 0.46167534722222214
0 0.6971354166666667 0.5929253472222222 0.07803819444444438 0.08567708333333335
0 0.6605251736111111 0.7015407986111111 0.09218750000000009 0.10746527777777759
0 0.5912760416666667 0.5641927083333333 0.09392361111111125 0.09774305555555562
0 0.5489800347222222 0.7088324652777778 0.1264756944444445 0.15703124999999996
0 0.46102430555555557 0.621875 0.15833333333333333 0.2729166666666667
0 0.12951388888888887 0.3712239583333333 0.07209201388888886 0.08164062500000002
0 0.4678385416666666 0.05143229166666667 0.08958333333333335 0.078125
0 0.14001736111111113 0.3382378472222222 0.12300347222222219 0.17647569444444444
0 0.7823567708333333 0.7149956597222222 0.1020833333333333 0.11354166666666665
