0 0.36060474537037035 0.722265625 0.1616753472222222 0.10078125000000004
0 0.6961082175925926 0.4319878472222222 0.3091724537037037 0.13463541666666667
0 0.9203559027777778 0.6894314236111112 0.08926504629629628 0.09366319444444438
0 0.2409577546296296 0.8362847222222223 0.09584780092592593 0.060807291666666874
0 0.30356626157407407 0.5984375 0.05425347222222221 0.04335937500000009
0 0.2900028935185185 0.6477213541666667 0.05244502314814814 0.047178819444444464
0 0.3769169560185185 0.6251736111111111 0.07241030092592582 0.059765625000000044
0 0.5611979166666667 0.5883680555555556 0.08434606481481488 0.06614583333333335
0 0.24074074074074076 0.5516276041666667 0.17686631944444442 0.08975694444444438
0 0.2271773726851852 0.49526909722222223 0.08825231481481483 0.06631944444444438
0 0.7870008680555556 0.32842881944444446 0.06821469907407396 0.051779513888888795
0 0.5610170717592593 0.6460720486111111 0.07826967592592604 0.060026041666666696