1 0.4759765625 0.025672743055555555 0.09843749999999996 0.05134548611111111
0 0.7678385416666667 0.6603081597222222 0.13697916666666665 0.18524305555555554
0 0.6671875 0.3111979166666667 0.11054687499999982 0.11006944444444444
0 0.6803385416666666 0.8023003472222222 0.1205729166666667 0.11440972222222223
0 0.8600260416666667 0.30948350694444443 0.07825520833333321 0.09305555555555556
0 0.4640625 0.32022569444444443 0.07213541666666667 0.05967881944444442
0 0.9396484375 0.7104600694444445 0.05729166666666652 0.04149305555555571
0 0.5425781249999999 0.48422309027777777 0.030338541666666607 0.04613715277777786
0 0.5998046875 0.24073350694444445 0.0923177083333333 0.12873263888888886
0 0.7533203125 0.3690755208333333 0.12187499999999996 0.30920138888888893
