1 0.35672019675925926 0.42610677083333337 0.03728298611111114 0.04231770833333326
0 0.38016493055555556 0.4819878472222222 0.030714699074074092 0.02842881944444442
0 0.2976345486111111 0.3999204282407407 0.028761574074074092 0.0283564814814814
0 0.25732060185185185 0.3583622685185185 0.03091724537037044 0.03233506944444442
0 0.29035734953703707 0.37279369212962965 0.03081597222222232 0.03038194444444442
0 0.26360677083333334 0.40411603009259256 0.030613425925925974 0.02647569444444442
0 0.2998987268518518 0.33036747685185186 0.04304108796296302 0.04058159722222221
0 0.4911675347222222 0.6980251736111112 0.049103009259259256 0.04470486111111116
0 0.37808159722222223 0.25311053240740744 0.030917245370370328 0.03233506944444442
0 0.38071469907407407 0.30389178240740744 0.024652777777777746 0.02430555555555558
0 0.2680266203703704 0.3383969907407407 0.018692129629629628 0.02213541666666674
0 0.2784288194444444 0.31257233796296297 0.018388310185185164 0.01627604166666663
0 0.2980541087962963 0.2570529513888889 0.02209201388888893 0.01251446759259256
