0 0.36896701388888886 0.26048900462962965 0.11478587962962972 0.05162037037037037
0 0.3660807291666667 0.32783564814814814 0.14224537037037033 0.05572916666666661
0 0.33772424768518516 0.4252604166666667 0.1303530092592593 0.049782986111111205
0 0.3340928819444444 0.5004123263888889 0.10467303240740744 0.03982928240740735
0 0.32569444444444445 0.5794343171296297 0.10519386574074074 0.05740740740740735
0 0.3252821180555555 0.6643735532407407 0.094675925925926 0.03194444444444455
0 0.3286820023148148 0.7132161458333333 0.09697627314814816 0.043677662037036935
0 0.32764033564814815 0.8098668981481482 0.11093750000000002 0.053544560185185164
0 0.3433376736111111 0.8783275462962963 0.12806712962962963 0.104441550925926
0 0.6890769675925925 0.5196397569444444 0.08554687499999991 0.05335648148148153
0 0.6576967592592593 0.7127242476851852 0.08554687499999991 0.05335648148148153
0 0.6419053819444445 0.8717520254629629 0.08169849537037033 0.055280671296296324