0 0.7138237847222222 0.5425202546296296 0.10616319444444455 0.09687500000000004
0 0.059968171296296294 0.5827039930555555 0.10609085648148148 0.08710937500000004
0 0.0976417824074074 0.7917824074074074 0.06879340277777779 0.0606192129629628
0 0.09819155092592592 0.7341941550925926 0.0745804398148148 0.05102719907407405
0 0.20305989583333334 0.7880714699074074 0.06480034722222222 0.04878472222222219
0 0.19972511574074076 0.7332971643518518 0.05104166666666665 0.036660879629629495
0 0.37573784722222225 0.7697554976851853 0.055063657407407485 0.05240162037037033
0 0.37433449074074077 0.712109375 0.07848668981481488 0.05114293981481488
0 0.5464554398148148 0.7504050925925927 0.06093750000000009 0.05452835648148158
0 0.5402199074074074 0.6994502314814814 0.06087962962962967 0.04671585648148158
0 0.7181351273148149 0.7291304976851851 0.06087962962962967 0.04671585648148158
0 0.7021195023148148 0.6759331597222222 0.06087962962962967 0.04671585648148158
0 0.448365162037037 0.5571108217592593 0.0864438657407407 0.0709056712962961
0 0.5917607060185186 0.5398799189814815 0.08246527777777768 0.06102430555555549
0 0.1303168402777778 0.589670138888889 0.06095196759259258 0.05648148148148158
0 0.8044126157407407 0.5139612268518519 0.11582754629629632 0.0834924768518519
0 0.9371021412037037 0.5012948495370371 0.0746383101851853 0.05883969907407405
0 0.9845413773148148 0.6482494212962964 0.030917245370370328 0.09479166666666661
0 0.8701099537037037 0.683839699074074 0.12196180555555558 0.12077546296296293
0 0.37627314814814816 0.5784071180555554 0.08048321759259258 0.0570601851851853
0 0.30882523148148144 0.5676215277777779 0.05891203703703707 0.04470486111111116
0 0.23673321759259258 0.5889178240740741 0.07465277777777779 0.06079282407407405