1 0.3642578125 0.419921875 0.025390625 0.0341796875
0 0.37109375 0.4775390625 0.0234375 0.0205078125
0 0.3173828125 0.3828125 0.021484375 0.021484375
0 0.291015625 0.3349609375 0.021484375 0.0263671875
0 0.318359375 0.3564453125 0.0234375 0.021484375
0 0.28515625 0.3779296875 0.0234375 0.0185546875
0 0.3369140625 0.3203125 0.033203125 0.029296875
0 0.416015625 0.7001953125 0.037109375 0.0341796875
0 0.427734375 0.2705078125 0.021484375 0.025390625
0 0.41796875 0.3173828125 0.017578125 0.0185546875
0 0.306640625 0.3203125 0.0126953125 0.017578125
0 0.322265625 0.298828125 0.015625 0.0107421875
0 0.3544921875 0.25390625 0.0185546875 0.0078125
