0 0.7308666087962963 0.28478732638888893 0.02625868055555558 0.02362557870370363
0 0.5455729166666667 0.3293258101851852 0.02213541666666652 0.017737268518518534
0 0.416015625 0.37232349537037035 0.02228009259259256 0.021643518518518423
0 0.39145688657407407 0.34967447916666666 0.0200376157407407 0.01381655092592593
0 0.36657262731481477 0.3621889467592593 0.0161313657407407 0.013787615740740833
0 0.5904947916666666 0.43515625 0.04217303240740744 0.031553819444444464
0 0.5415219907407407 0.46507523148148144 0.06814236111111116 0.047366898148148096
0 0.5541449652777778 0.5198712384259259 0.08420138888888884 0.05920138888888893
0 0.44064670138888884 0.49851707175925924 0.09367766203703698 0.10418113425925923
0 0.46238425925925924 0.5973379629629629 0.09555844907407407 0.10224247685185173
0 0.7337962962962963 0.46942997685185184 0.05070891203703698 0.05114293981481488
0 0.3597728587962963 0.41391059027777777 0.0478153935185186 0.025737847222222276
0 0.35051359953703703 0.5056640625 0.0161313657407407 0.013787615740740833
0 0.14742476851851852 0.5295572916666667 0.012080439814814825 0.009852430555555625
0 0.21082899305555555 0.47923177083333335 0.03573495370370372 0.015885416666666652
0 0.4375 0.3988570601851852 0.03826678240740744 0.031524884259259256
0 0.3109809027777778 0.5444444444444444 0.03602430555555558 0.023697916666666652
0 0.28392650462962965 0.45730613425925926 0.03595196759259256 0.021744791666666652
0 0.9106264467592593 0.20504195601851852 0.04239004629629628 0.037413194444444464
0 0.1117259837962963 0.5439453125 0.03812210648148148 0.027618634259259256
0 0.5597873263888888 0.4202763310185185 0.0341435185185186 0.025636574074074048