0 0.21112557870370371 0.6659143518518518 0.02378472222222222 0.024131944444444553
0 0.4031032986111111 0.6328703703703704 0.019762731481481444 0.01620370370370372
0 0.5383969907407408 0.5985749421296296 0.01982060185185186 0.02010995370370372
0 0.5621961805555555 0.6222945601851851 0.01970486111111125 0.01229745370370372
0 0.5884042245370371 0.6107711226851852 0.01579861111111125 0.012181712962962887
0 0.36236255787037036 0.5207465277777779 0.04142071759259258 0.028559027777777857
0 0.41571180555555554 0.4947410300925926 0.06316550925925934 0.04677372685185177
0 0.4060691550925926 0.4373842592592593 0.08287037037037037 0.05907118055555549
0 0.5188657407407407 0.46725983796296294 0.0893952546296295 0.10416666666666663
0 0.502683738425926 0.36417824074074073 0.08936631944444429 0.10221354166666663
0 0.21906105324074074 0.4761429398148148 0.04759837962962965 0.050217013888888884
0 0.5993706597222221 0.559642650462963 0.047222222222222054 0.024826388888889106
0 0.6126446759259259 0.4664351851851852 0.01579861111111125 0.012181712962962998
0 0.821556712962963 0.45536024305555556 0.011834490740740833 0.008159722222222276
0 0.7548394097222222 0.5022786458333334 0.03535879629629646 0.014713541666666607
0 0.5164641203703704 0.5689380787037037 0.03559027777777768 0.030338541666666607
0 0.655078125 0.42902922453703707 0.035503472222222054 0.024479166666666607
0 0.6779224537037037 0.5201895254629629 0.03544560185185186 0.020572916666666607
0 0.02749565972222222 0.7348596643518519 0.033695023148148144 0.03418692129629619
0 0.8594690393518518 0.4425130208333333 0.03553240740740726 0.026432291666666607
0 0.3938874421296297 0.5383752893518519 0.031626157407407485 0.026316550925925997