0 0.5341796875 0.013997395833333332 0.072265625 0.027994791666666664
0 0.537109375 0.1179470486111111 0.076171875 0.05833333333333335
0 0.6875 0.2796440972222222 0.0703125 0.05429687500000002
0 0.8525390625 0.2837890625 0.0703125 0.05234374999999991
0 0.8466796875 0.39231770833333335 0.078125 0.05447048611111116
0 0.697265625 0.3819661458333333 0.0703125 0.06015625000000002
0 0.55859375 0.39676649305555556 0.072265625 0.052387152777777724
0 0.5517578125 0.2396918402777778 0.0625 0.052170138888888884
0 0.8740234375 0.5440538194444444 0.068359375 0.06011284722222232
0 0.875 0.6612196180555556 0.080078125 0.05451388888888875
0 0.7197265625 0.6549045138888889 0.078125 0.06423611111111116
0 0.71875 0.5396918402777777 0.0703125 0.05234374999999991
0 0.5751953125 0.6776475694444445 0.07421875 0.07196180555555554
0 0.5947265625 0.9291666666666667 0.0703125 0.05234374999999991