0 0.244140625 0.1591796875 0.037109375 0.056640625
0 0.2314453125 0.2412109375 0.0390625 0.0546875
0 0.384765625 0.2412109375 0.04296875 0.052734375
0 0.5068359375 0.2392578125 0.0390625 0.0625
0 0.5224609375 0.05859375 0.0458984375 0.0390625
0 0.6083984375 0.052734375 0.044921875 0.0234375
0 0.6708984375 0.15234375 0.037109375 0.046875
0 0.5986328125 0.2373046875 0.0341796875 0.0478515625
0 0.63671875 0.353515625 0.0390625 0.041015625
0 0.9423828125 0.3486328125 0.0361328125 0.0517578125
0 0.2451171875 0.3505859375 0.0419921875 0.0478515625
0 0.1279296875 0.35546875 0.0458984375 0.05078125
0 0.015625 0.35546875 0.0302734375 0.0634765625
0 0.1279296875 0.2236328125 0.029296875 0.033203125
0 0.3017578125 0.23828125 0.037109375 0.05078125
0 0.404296875 0.08984375 0.037109375 0.0400390625
0 0.4765625 0.34765625 0.033203125 0.044921875
0 0.3837890625 0.3544921875 0.033203125 0.04296875