0 0.193359375 0.453125 0.1484375 0.2685546875
0 0.34765625 0.44921875 0.08984375 0.181640625
0 0.462890625 0.447265625 0.115234375 0.2158203125
0 0.6083984375 0.490234375 0.158203125 0.3076171875
0 0.771484375 0.4912109375 0.15234375 0.3056640625
0 0.6142578125 0.837890625 0.08984375 0.1826171875
0 0.1640625 0.9130859375 0.11328125 0.173828125
0 0.25390625 0.93359375 0.0556640625 0.1240234375
0 0.015625 0.888671875 0.03125 0.08203125
0 0.04296875 0.37890625 0.0849609375 0.1826171875
0 0.078125 0.28515625 0.076171875 0.1513671875