0 0.8141276041666667 0.7209852430555554 0.09466145833333339 0.07492766203703694
0 0.43645833333333334 0.8160300925925926 0.11809895833333328 0.10486111111111107
0 0.35885416666666664 0.572996238425926 0.19544270833333333 0.32936921296296306
0 0.5129557291666667 0.355345775462963 0.11002604166666674 0.07148437500000004
0 0.6263020833333333 0.27196180555555555 0.16419270833333321 0.12377025462962965
0 0.7085286458333333 0.1749855324074074 0.11562500000000009 0.15546875
0 0.5099609374999999 0.5150969328703703 0.03294270833333335 0.026316550925925775
0 0.93359375 0.5978226273148148 0.04335937500000009 0.03637152777777786
0 0.6822916666666667 0.8194155092592592 0.052864583333333215 0.032754629629629495
0 0.3775390625 0.765552662037037 0.10416666666666674 0.07131076388888902
0 0.20664062500000002 0.49733796296296295 0.055208333333333304 0.03867187499999991
0 0.148828125 0.39036458333333335 0.08828124999999998 0.06694155092592591
0 0.2571614583333333 0.3048828125 0.10950520833333333 0.09291087962962963
0 0.22174479166666666 0.1829788773148148 0.12434895833333337 0.14013310185185185
0 0.19570312499999998 0.0847439236111111 0.07747395833333337 0.051027199074074076
0 0.6554036458333333 0.09446614583333333 0.10390625000000009 0.06740451388888888
0 0.600390625 0.07334346064814815 0.07552083333333348 0.050969328703703715