0 0.1437282986111111 0.2578125 0.06449652777777776 0.04955150462962965
0 0.22573784722222223 0.22920283564814814 0.06254340277777781 0.04940682870370372
0 0.24937065972222222 0.3861762152777778 0.06076388888888895 0.05316840277777779
0 0.26766493055555557 0.5112123842592593 0.07044270833333333 0.05193865740740744
0 0.08274739583333333 0.5611617476851852 0.047178819444444436 0.05410879629629628
0 0.09064670138888889 0.6507161458333333 0.029513888888888895 0.0508535879629628
0 0.2013888888888889 0.6954210069444444 0.05473090277777781 0.048828125
0 0.2787109375 0.6054325810185186 0.05651041666666656 0.04506655092592604
0 0.4039496527777778 0.6235894097222223 0.04878472222222219 0.04644097222222232
0 0.4453125 0.9369936342592593 0.06050347222222219 0.04730902777777768
0 0.34105902777777775 0.22262008101851852 0.05685763888888884 0.05287905092592593
0 0.32688802083333335 0.10217737268518517 0.05898437499999998 0.05692997685185186
0 0.3115017361111111 0.004376446759259259 0.06710069444444444 0.008752893518518517
0 0.19179687499999998 0.12688078703703703 0.04062500000000002 0.038049768518518545
0 0.23387586805555555 0.3020833333333333 0.05863715277777781 0.04911747685185186
0 0.09672309027777778 0.43471498842592593 0.04878472222222224 0.04644097222222221
0 0.37322048611111114 0.4612630208333333 0.05251736111111116 0.04282407407407407
0 0.36501736111111116 0.3648726851851852 0.05056423611111116 0.04267939814814814