0 0.5027126736111112 0.8395326967592592 0.2895688657407407 0.18865740740740744
0 0.48220486111111116 0.6804615162037038 0.1953125 0.11681134259259274
0 0.4681351273148148 0.563671875 0.2334346064814815 0.14635416666666679
0 0.4956958912037037 0.4132957175925926 0.3290653935185186 0.2026909722222222
0 0.47782841435185186 0.24658564814814815 0.32884837962962954 0.1968315972222222
0 0.8471137152777778 0.4039134837962963 0.197265625 0.11692708333333335
0 0.939525462962963 0.861501736111111 0.12094907407407396 0.1377025462962962
0 0.9589482060185186 0.7718967013888889 0.0821035879629628 0.0708188657407407
0 0.9603407118055556 0.997923900462963 0.07931857638888884 0.004152199074074048
0 0.4427445023148149 0.9681857638888889 0.19639756944444442 0.06362847222222223
0 0.34440104166666663 0.9550130208333334 0.16536458333333326 0.08997395833333321