0 0.932790798611111 0.45806568287037036 0.06627604166666679 0.08585069444444449
0 0.7370008680555555 0.33723234953703707 0.06223958333333335 0.07975983796296293
0 0.6885633680555555 0.1763671875 0.06028645833333335 0.07964409722222221
0 0.5847439236111112 0.20044849537037035 0.062413194444444375 0.08757233796296293
0 0.6347873263888889 0.3458043981481481 0.06809895833333335 0.08010706018518521
0 0.6573567708333333 0.48368055555555556 0.06032986111111116 0.0815972222222221
0 0.8110460069444445 0.465480324074074 0.05815972222222232 0.07171585648148149
0 0.43059895833333334 0.19814091435185185 0.06610243055555554 0.07803819444444443
0 0.31592881944444445 0.21670283564814816 0.06440972222222219 0.08964120370370371
0 0.3641493055555556 0.3678023726851852 0.07217881944444438 0.08815104166666665
0 0.47591145833333337 0.3500434027777778 0.06028645833333335 0.07964409722222221
0 0.3810546875 0.5141203703703704 0.07990451388888886 0.08470775462962954
0 0.13190104166666666 0.5373914930555556 0.06028645833333335 0.07964409722222232
0 0.026714409722222224 0.5438368055555556 0.031206597222222222 0.08767361111111116
0 0.2723307291666667 0.05417390046296296 0.05711805555555549 0.024840856481481488
0 0.3861328125 0.040436921296296294 0.05707465277777768 0.022887731481481488