0 0.5632161458333333 0.7937934027777778 0.3057291666666666 0.20442708333333326
0 0.5236328125 0.6407986111111111 0.203125 0.12586805555555558
0 0.49641927083333337 0.5264322916666666 0.24440104166666665 0.16080729166666652
0 0.5057291666666667 0.37224392361111114 0.3477864583333332 0.22187500000000004
0 0.46946614583333335 0.21028645833333331 0.34348958333333335 0.2158420138888889
0 0.8492838541666666 0.2952690972222222 0.20703125 0.12604166666666672
0 0.962890625 0.7307074652777779 0.07421875 0.1440538194444443
0 0.9784505208333334 0.6371527777777778 0.043098958333333215 0.07803819444444438
0 0.994921875 0.8770399305555556 0.010156250000000089 0.03828124999999982
0 0.5200520833333333 0.9396918402777779 0.2026041666666667 0.08884548611111098
0 0.4210286458333333 0.9382161458333333 0.17018229166666665 0.0990885416666667