1 0.21935763888888887 0.07230902777777778 0.041478587962963 0.06432291666666667
1 0.20635127314814816 0.16276041666666669 0.043417245370370394 0.06245659722222219
1 0.37432725694444446 0.1562717013888889 0.04730902777777779 0.060677083333333326
1 0.5090784143518519 0.14832899305555555 0.043489583333333304 0.07222222222222224
1 0.6890263310185185 0.043619791666666664 0.041391782407407485 0.05260416666666666
1 0.608666087962963 0.14097222222222222 0.03750000000000009 0.054383680555555536
1 0.6525824652777777 0.2669921875 0.04330150462962967 0.04683159722222219
1 0.9843641493055555 0.24633246527777777 0.03127170138888902 0.06006944444444445
1 0.2218967013888889 0.283203125 0.04726562499999998 0.054817708333333326
1 0.09400318287037038 0.29377170138888886 0.05118634259259258 0.056944444444444464
1 0.09194878472222222 0.14830729166666667 0.031524884259259256 0.038498263888888884
1 0.28347800925925926 0.15640190972222223 0.04142071759259258 0.056510416666666674
1 0.3956090856481481 0.005338541666666667 0.041218171296296235 0.010677083333333334
1 0.4767578125 0.2689453125 0.037485532407407374 0.052430555555555536
1 0.37524594907407405 0.2802951388888889 0.037456597222222276 0.048524305555555536
