1 0.46490885416666666 0.29724392361111107 0.15130208333333328 0.07335069444444442
1 0.5582682291666667 0.3652850115740741 0.1285156249999999 0.053660300925926
1 0.5203125 0.44016203703703705 0.06875000000000009 0.035648148148148096
1 0.6780598958333334 0.40521556712962964 0.064453125 0.029759837962963
1 0.351171875 0.2602864583333333 0.08867187499999996 0.07093460648148153
1 0.555859375 0.5487702546296296 0.2704427083333334 0.103515625
1 0.5774088541666667 0.5499059606481482 0.29023437500000004 0.10756655092592604
1 0.6811848958333333 0.4081669560185185 0.06419270833333335 0.025853587962962887
1 0.6902994791666667 0.4423972800925926 0.26875000000000004 0.078125
1 0.5210286458333333 0.43626302083333335 0.0834635416666667 0.051374421296296324
1 0.5592447916666667 0.36529224537037036 0.14830729166666679 0.057711226851851816
1 0.4044270833333333 0.28313078703703703 0.26783854166666665 0.12301793981481479
1 0.6070963541666667 0.4242115162037037 0.052864583333333215 0.031626157407407485
1 0.6832682291666666 0.4394169560185185 0.038541666666666696 0.021759259259259256
