1 0.607421875 0.9609375 0.0625 0.0625
1 0.0771484375 0.779296875 0.048828125 0.0546875
1 0.09765625 0.8701171875 0.056640625 0.0498046875
1 0.21875 0.025390625 0.072265625 0.041015625
1 0.4501953125 0.0791015625 0.025390625 0.044921875
1 0.9658203125 0.169921875 0.0673828125 0.0546875
1 0.3564453125 0.771484375 0.046875 0.060546875
1 0.77734375 0.966796875 0.052734375 0.037109375
1 0.9853515625 0.962890625 0.029296875 0.0390625
1 0.884765625 0.9716796875 0.0498046875 0.0439453125
1 0.849609375 0.869140625 0.052734375 0.0439453125
1 0.962890625 0.869140625 0.0419921875 0.041015625
1 0.9609375 0.7705078125 0.0595703125 0.0576171875
1 0.9619140625 0.6796875 0.064453125 0.0654296875
1 0.9677734375 0.5703125 0.064453125 0.0654296875
1 0.9736328125 0.326171875 0.052734375 0.07421875
1 0.0380859375 0.0205078125 0.072265625 0.0361328125
1 0.505859375 0.01171875 0.078125 0.0205078125
1 0.7119140625 0.033203125 0.076171875 0.0625
1 0.7421875 0.677734375 0.0654296875 0.0498046875
1 0.740234375 0.5703125 0.072265625 0.0673828125
1 0.734375 0.4580078125 0.072265625 0.072265625
1 0.728515625 0.337890625 0.072265625 0.080078125
1 0.888671875 0.345703125 0.068359375 0.0703125
1 0.84765625 0.7685546875 0.0625 0.0625
1 0.736328125 0.8681640625 0.052734375 0.0419921875
1 0.728515625 0.77734375 0.052734375 0.052734375
1 0.611328125 0.86328125 0.0517578125 0.0546875
1 0.595703125 0.775390625 0.0517578125 0.0654296875
1 0.5849609375 0.677734375 0.060546875 0.0546875
1 0.5673828125 0.5771484375 0.0595703125 0.0517578125
1 0.5576171875 0.4560546875 0.072265625 0.0654296875
1 0.544921875 0.3359375 0.0654296875 0.072265625
1 0.322265625 0.5869140625 0.0498046875 0.0576171875
1 0.3427734375 0.673828125 0.060546875 0.076171875
1 0.365234375 0.8701171875 0.044921875 0.029296875
1 0.3779296875 0.96875 0.0439453125 0.041015625
1 0.2578125 0.9560546875 0.046875 0.0498046875
1 0.2294921875 0.86328125 0.037109375 0.048828125
1 0.1279296875 0.95703125 0.0595703125 0.0546875
1 0.212890625 0.7705078125 0.0361328125 0.046875
1 0.1884765625 0.6796875 0.052734375 0.060546875
1 0.134765625 0.4658203125 0.0625 0.078125
1 0.107421875 0.345703125 0.052734375 0.0703125
1 0.3076171875 0.474609375 0.072265625 0.068359375
1 0.9638671875 0.4462890625 0.0625 0.076171875
1 0.71875 0.181640625 0.0751953125 0.076171875
1 0.28125 0.349609375 0.072265625 0.0654296875
1 0.07421875 0.1953125 0.0703125 0.0859375
1 0.5419921875 0.1884765625 0.078125 0.087890625
1 0.16015625 0.5908203125 0.0546875 0.060546875
